.begin 1
.H 2 13 22
.V 9 13 25
.V 22 13 25
.V 2 0 25
.end
.begin 2
.H 0 14 20
.V 0 14 25
.V 20 14 25
.H 6 2 25
.V 12 0 2
.V 25 0 2
.V 6 2 14
.end
.begin 3
.H 11 15 23
.V 14 15 25
.V 23 15 25
.H 11 3 17
.V 17 0 3
.V 11 0 15
.end
.begin 4
.H 3 16 27
.V 4 16 25
.V 27 16 25
.H 3 4 18
.V 13 0 4
.V 18 0 4
.V 3 0 16
.end
.begin 5
.H 7 17 12
.V 7 17 25
.V 11 17 25
.H 4 5 27
.V 4 0 5
.V 16 0 5
.V 24 0 5
.V 27 0 5
.V 12 5 17
.end
.begin 6
.H 5 18 25
.V 5 18 25
.V 15 18 25
.V 24 18 25
.V 25 18 25
.H 13 6 19
.V 19 0 6
.V 13 6 18
.end
.begin 8
.H 6 19 16
.V 6 19 25
.V 13 19 25
.H 0 7 21
.V 0 0 7
.V 7 0 7
.V 21 0 7
.V 16 7 19
.end
.begin 10
.H 1 20 19
.V 1 20 25
.V 19 20 25
.H 8 8 10
.V 10 0 8
.V 8 0 20
.end
.begin 11
.H 8 21 18
.V 8 21 25
.V 18 21 25
.H 5 9 14
.V 5 0 9
.V 14 0 9
.V 10 9 21
.end
.begin 12
.H 10 22 17
.V 10 22 25
.V 16 22 25
.H 1 10 17
.V 1 0 10
.V 9 0 10
.V 17 10 22
.end
.begin 14
.H 21 11 22
.V 22 0 11
.V 21 11 25
.end
.begin 20
.H 23 12 26
.V 23 0 12
.V 26 0 25
.end
