1320.9538039070 70.6682407429 93349.4814247790
31.4642662317 62.9285293170
94.8863979237 69.3144659711
126.0623825070 69.3148885990
50.3644509011 69.3147634401
91.4960346209 69.3144793245
48.3014798934 69.3146464122
42.3144523225 69.3143793436
97.6991699148 69.3148161433
73.7221901494 69.3142728077
86.1431971397 69.3148176323
116.4689703907 69.3145991840
22.5388559026 45.0777095514
61.1271648284 69.3145185433
18.4526425486 36.9052832519
9.8742090759 19.7484171644
34.8844258623 69.3145992869
82.5654288981 69.3147250172
73.4330802504 69.3148099282
141.3364744190 70.6682407429
17.8185301267 35.6370584715
0 1 V 2 V 3 V 4 V 5 V 6 V 7 V 8 V 9 V 10 V 11 V 12 V 13 V 14 V 15 V 16 V 17 V 18 V 19 V 