500
0 6174
1 5002
2 4042
3 1963
4 3818
5 9110
6 3328
7 3260
8 8284
9 8754
10 3500
11 597
12 9551
13 1595
14 2405
15 2604
16 5968
17 4353
18 3958
19 9287
20 2683
21 6614
22 3848
23 8614
24 4911
25 7186
26 4912
27 4840
28 7525
29 3130
30 970
31 3700
32 3545
33 426
34 1076
35 7263
36 9436
37 4304
38 5936
39 3235
40 3060
41 4850
42 3732
43 8024
44 6345
45 1550
46 629
47 2314
48 1316
49 9899
50 7014
51 9311
52 2028
53 6275
54 7926
55 6839
56 3463
57 2840
58 1680
59 989
60 1383
61 7963
62 102
63 4828
64 8289
65 1079
66 7504
67 7726
68 5283
69 8853
70 962
71 3756
72 3704
73 107
74 1781
75 9949
76 1557
77 7723
78 7677
79 8186
80 7623
81 205
82 7498
83 9551
84 6381
85 5426
86 1904
87 5257
88 8166
89 3485
90 1659
91 4962
92 6861
93 7073
94 9690
95 5151
96 8052
97 2708
98 8290
99 8749
100 1562
101 4666
102 2506
103 5167
104 4673
105 9600
106 630
107 1644
108 2837
109 8207
110 9730
111 461
112 3826
113 7229
114 5426
115 208
116 2656
117 7230
118 878
119 6235
120 6128
121 2437
122 1198
123 2990
124 9410
125 6301
126 3554
127 2977
128 4422
129 7258
130 7139
131 5885
132 1925
133 5058
134 6465
135 6498
136 4659
137 6995
138 8042
139 7396
140 717
141 7773
142 3271
143 4443
144 5004
145 4110
146 9963
147 3073
148 6753
149 842
150 4722
151 2883
152 8591
153 5820
154 1286
155 3515
156 7535
157 254
158 1905
159 1958
160 7412
161 8944
162 7743
163 9237
164 4004
165 9621
166 1249
167 4076
168 2131
169 9192
170 6886
171 2748
172 2479
173 5570
174 2604
175 2896
176 9580
177 7980
178 5870
179 1847
180 8722
181 593
182 143
183 2827
184 1826
185 1330
186 1755
187 9261
188 6896
189 3561
190 1221
191 9721
192 2506
193 4377
194 8959
195 1923
196 4000
197 209
198 1413
199 6031
200 4814
201 8199
202 4192
203 7194
204 9182
205 2209
206 5503
207 8763
208 190
209 1374
210 6023
211 4325
212 7279
213 6067
214 7052
215 4519
216 2810
217 4220
218 3781
219 9606
220 7681
221 415
222 9328
223 5601
224 4693
225 3801
226 2937
227 4106
228 9322
229 4250
230 5550
231 9550
232 2450
233 9642
234 2258
235 7045
236 7264
237 7661
238 1322
239 7354
240 4449
241 7246
242 7092
243 1729
244 3314
245 9557
246 6148
247 6024
248 3778
249 5343
250 5631
251 1461
252 5658
253 473
254 2475
255 352
256 9586
257 5312
258 9770
259 8909
260 9463
261 5321
262 8460
263 7326
264 477
265 719
266 4373
267 7641
268 8281
269 5595
270 509
271 8143
272 8254
273 7501
274 9772
275 1569
276 7059
277 1435
278 7493
279 839
280 2191
281 8537
282 7612
283 7749
284 4423
285 5500
286 3515
287 4010
288 813
289 3286
290 8333
291 5689
292 4021
293 6794
294 8429
295 4398
296 2927
297 8215
298 7453
299 6621
300 9223
301 7862
302 4765
303 7479
304 5365
305 9950
306 4461
307 2425
308 1386
309 1956
310 8576
311 8889
312 5906
313 1702
314 2153
315 331
316 7102
317 5568
318 9653
319 3329
320 4267
321 7987
322 4431
323 8188
324 296
325 2861
326 8000
327 3123
328 6489
329 5454
330 9644
331 1227
332 3317
333 4410
334 4119
335 4095
336 4361
337 8480
338 1934
339 1161
340 5849
341 511
342 5463
343 1757
344 7526
345 7516
346 7400
347 4629
348 3085
349 2567
350 7858
351 2766
352 556
353 2291
354 6367
355 752
356 565
357 4368
358 3775
359 2468
360 9722
361 8832
362 9007
363 8453
364 8655
365 3127
366 2549
367 8429
368 1608
369 4383
370 5003
371 7358
372 308
373 468
374 4528
375 7734
376 7884
377 7341
378 7776
379 6383
380 9808
381 1149
382 9049
383 5777
384 8752
385 5417
386 6429
387 4730
388 5199
389 5617
390 7098
391 435
392 9862
393 6106
394 8788
395 8518
396 9133
397 6751
398 6949
399 6155
400 6547
401 1953
402 8926
403 2268
404 7733
405 8867
406 5415
407 5619
408 6209
409 3193
410 2003
411 1531
412 9654
413 6465
414 7209
415 8407
416 7295
417 9051
418 3138
419 2495
420 183
421 5650
422 8243
423 9945
424 1757
425 2545
426 3978
427 6304
428 9196
429 6340
430 7872
431 1258
432 3706
433 6799
434 8838
435 1441
436 1180
437 4255
438 6960
439 7289
440 2861
441 4376
442 8720
443 2516
444 842
445 1443
446 6336
447 3550
448 496
449 9374
450 5946
451 579
452 538
453 9602
454 5937
455 7608
456 2148
457 9815
458 3913
459 6758
460 6156
461 7198
462 7916
463 9763
464 9410
465 6755
466 1205
467 591
468 6423
469 3578
470 7780
471 9184
472 7854
473 2014
474 7113
475 4109
476 8770
477 3450
478 7559
479 9166
480 8238
481 8918
482 5158
483 8676
484 8521
485 1096
486 6285
487 6083
488 913
489 5611
490 2842
491 2482
492 2810
493 759
494 7658
495 7633
496 2927
497 4276
498 8124
499 9251
