37350.0131759863 70.5797690804 2636155.3051123009
90.7127731960 68.0609773296
73.4933523353 68.0605774680
59.3882261337 68.0606285646
31.3289011789 62.6577992248
56.0967903429 68.0609349779
129.2483377600 70.4844654708
47.2159140631 70.4847097856
46.2515714272 70.4840916623
117.5291866295 70.4846195023
124.1980761049 70.4841836085
49.6562186109 70.4846260531
17.2771529751 34.5543042225
135.5046670068 70.4846571781
28.2400431989 56.4800835738
34.6770826357 69.3541618037
36.9442141115 70.4846499681
84.6716136097 70.4840707006
61.7586458195 70.4840584219
56.1545580177 70.4840379787
131.7593549183 70.4845588062
38.0654547667 70.4838551502
93.8360480786 70.4846392770
54.5934687250 70.4846218763
122.2109152100 70.4847024932
69.6749054613 70.4844874563
101.9516184429 70.4844131928
69.6889140426 70.4846684366
68.6675572090 70.4845227750
106.7613782813 70.4842904910
44.4073399110 70.4838435780
22.0227160961 44.0454299900
52.4936700622 70.4846888323
50.2949128951 70.4842656233
14.5945198842 29.1890383089
23.1948275894 46.3896528592
103.0438874753 70.4845302128
133.8738653666 70.4842575073
61.0633966369 70.4841236656
84.2170948805 70.4845020886
45.8967978107 70.4842201267
43.4137102554 70.4846460253
68.8094626536 70.4844917103
52.9478908180 70.4843940400
113.8405759394 70.4845344798
90.0200170621 70.4843234547
27.8388225101 55.6776422364
17.7341482943 35.4682948152
34.0147035538 68.0294037060
25.6515113180 51.3030200709
140.2526986256 70.5797471065
99.3771708851 70.5795902372
131.9220900692 70.5795367184
31.8433674523 63.6867317202
88.9072214209 70.5791936776
112.2989943750 70.5794387929
96.8974997649 70.5797364905
49.0653183310 70.5793851501
40.2383533038 70.5794289980
28.9827542169 57.9655055356
22.2373565139 44.4747108040
26.2963882420 52.5927738544
112.8229885525 70.5795875660
7.1414286071 14.2828565000
68.4048902693 70.5797492108
117.4418811651 70.5795915202
23.2271398794 46.4542774360
106.3198026520 70.5795140023
109.4652383422 70.5794836517
74.8521684820 70.5791175746
125.4327137397 70.5796736438
21.9317127478 43.8634233023
53.2166354902 70.5794337692
52.4800026470 70.5792647328
7.3143696020 14.6287384726
29.8412473688 59.6824917534
140.9618516191 70.5793793549
27.9016135541 55.8032243181
109.4227879476 70.5794482563
108.7707950675 70.5796072855
115.9828648927 70.5793912538
108.0056572323 70.5796362463
10.1242286188 20.2484562251
106.2345702800 70.5796614063
135.3225270068 70.5795273799
90.4090203677 70.5792405896
76.8775858358 70.5797397383
30.8544980124 61.7089929394
74.4833389355 70.5795426888
115.6994255176 70.5794342838
49.3768978174 70.5795656278
28.8010423679 57.6020818556
70.3037250398 70.5794749452
97.2094170569 70.5795817702
100.2128542499 70.5797679643
137.2922037922 70.5793900334
72.9818928788 70.5791504826
114.0842805054 70.5793994083
38.3684698289 70.5787854475
117.4559524186 70.5796498968
123.9595645280 70.5794670489
27.9463779236 55.8927530526
66.1099321917 70.5794098604
35.5064054323 70.5788144277
73.2086314491 70.5791092898
66.2089653841 70.5795653638
136.0172358221 70.5792904993
17.7482397930 35.4964778112
28.6705430904 57.3410833138
40.1960735149 70.5790330229
116.2805139532 70.5793234050
137.8586089346 70.5795602843
15.1822268302 30.3644521423
54.2086572680 70.5791324269
102.4239767840 70.5791771319
76.8775858358 70.5797397383
10.1980392821 20.3960775445
37.6316185857 70.5789466363
102.4375860619 70.5795624238
20.9523273636 41.9046526319
88.3403260721 70.5793183841
86.8238123779 70.5797157734
34.9070202241 69.8140369575
24.4744771129 48.9489517784
42.3639618182 70.5788569263
133.3245282753 70.5796609351
89.2757111772 70.5791073172
50.3547950537 70.5791771411
42.1796484305 70.5790614852
62.6529887041 70.5792347894
102.8346911555 70.5792949679
101.1480314098 70.5797226154
83.3810397333 70.5795948195
31.0241848906 62.0483666787
71.6643387204 70.5790368028
91.5989177416 70.5794365195
92.0665889747 70.5793499288
66.0109359501 70.5792143823
99.1086111957 70.5791345031
113.9426304344 70.5793781426
104.7901338018 70.5791636261
18.9340967021 37.8681915108
110.1311527319 70.5794846162
46.3452126763 70.5790266375
62.9506549194 70.5790909672
70.8992085786 70.5790671055
58.2326310881 70.5789850673
141.1594807432 70.5797439006
43.5398642671 70.5789981602
95.6791204396 70.5796621977
20.5182850416 41.0365680315
66.9032323690 70.5795494895
40.8479262308 70.5788583663
121.7204528787 70.5797571142
82.4601262667 70.5795669191
25.3574453001 50.7148880646
49.8021593231 70.5792690071
106.7590160859 70.5795189602
11.2694279513 22.5388547757
30.8625994956 61.7251959049
31.2889764765 62.5779498242
105.0166816089 70.5792630889
126.7226946174 70.5793072583
109.7061896929 70.5794269373
130.8742013382 70.5792272698
56.7303603186 70.5794917838
136.3143190586 70.5795258080
24.9899986239 49.9799947489
57.7504931277 70.5794839013
32.6419983039 65.2839933437
130.2365433061 70.5792688186
97.5637596295 70.5794859295
38.9347035808 70.5797077483
35.2065343647 70.4130652088
78.9178699905 70.5797052134
36.8949835091 70.5787007428
41.0319538161 70.5791396867
135.7338364316 70.5793061764
113.0638145688 70.5796105539
83.1688758111 70.5792875370
30.3891435578 60.7782840766
123.5766813907 70.5796587337
17.2191757882 34.4383498545
8.4557674740 16.9115341025
40.0540544714 70.5796213968
30.2158906149 60.4317782082
25.7875945611 51.5751865435
29.6226272278 59.2452514933
131.2139710520 70.5793744809
97.7055869755 70.5793825457
50.4540804077 70.5790289154
24.7082988189 49.4165951670
137.7310629633 70.5795758114
35.5064054323 70.5788144277
62.0149742737 70.5797277393
126.9347564895 70.5795658161
31.0080642426 62.0161253845
56.6735884251 70.5796140875
10.2225244057 20.4450477891
26.5800683845 53.1601341110
85.4502418946 70.5790863347
68.2067551399 70.5795194351
116.1672431419 70.5792767242
59.3941361228 70.5793580588
101.9274550398 70.5796097547
130.0942469435 70.5796006797
33.2340195466 66.4680357698
77.9692867223 70.5790732651
124.1582513174 70.5792801286
9.7467945885 19.4935882023
26.2106854994 52.4213683778
85.3365440399 70.5793756680
61.2785155229 70.5793859903
103.1320710345 70.5794029635
85.9602186363 70.5791597119
99.9157533563 70.5794608269
64.0269782390 70.5796232196
39.8131443173 70.5797054762
59.7908617818 70.5793473156
53.5707399695 70.5795738897
136.1016397659 70.5796051871
108.8279526971 70.5792933676
14.4048606510 28.8097198615
132.1631732812 70.5794191257
79.3570621555 70.5797297413
66.4924428414 70.5794493247
53.8541756541 70.5794853201
41.6125124614 70.5797325438
58.1754849662 70.5795577361
132.0783215567 70.5793342172
60.2159940749 70.5792549852
78.6347645080 70.5794699676
135.3079431244 70.5797440969
35.0000008750 69.9999982500
136.6115638418 70.5796766309
33.6005960728 67.2011887856
99.8164618613 70.5795403747
102.9192345068 70.5796155093
108.5441600065 70.5795687169
25.7099209071 51.4198392432
104.1950868401 70.5791436336
63.0355583227 70.5792114544
102.6647227654 70.5792584329
100.4821570373 70.5796950335
29.4023815910 58.8047602418
46.9543006214 70.5792644367
135.4078955068 70.5793407706
87.1072155495 70.5796868975
85.3504351048 70.5796050436
53.5285938072 70.5791004637
75.7023438249 70.5790564736
79.7823750261 70.5794982684
27.0277641792 54.0555256556
80.1647360323 70.5796623308
15.3785568837 30.7571122295
35.1781190781 70.3562346384
13.2664994931 26.5329976595
135.8181967054 70.5796442048
75.2626802554 70.5794688945
138.4255963745 70.5794322429
126.2261572357 70.5796658562
134.0759253262 70.5794122023
75.3903874147 70.5792897805
119.8651986750 70.5792848426
103.7976083188 70.5796609254
15.4434455976 30.8868896508
18.9604856999 37.9209695037
61.9583571080 70.5796635694
108.2605531236 70.5797243736
117.3283284595 70.5797151355
79.2727238937 70.5791314489
15.9530565324 31.9061114694
115.3731405732 70.5796857010
116.9466610689 70.5791847716
106.2776590651 70.5792738190
138.4538526582 70.5794733219
28.0089278485 56.0178528962
100.0150695872 70.5793639812
26.7861911416 53.5723796046
106.1640309179 70.5794602486
20.4816996603 40.9633972724
33.0983391543 66.1966749988
120.9554247199 70.5797199238
107.8502270821 70.5793599693
109.7911494551 70.5794596236
62.6673635966 70.5790023092
77.9260789147 70.5797093425
49.8021593231 70.5792690071
56.8151977797 70.5797067811
20.1618456577 40.3236892992
46.5575618290 70.5792973453
118.0654125349 70.5795187692
80.6039999115 70.5796239175
56.9716261516 70.5789929412
96.2601044743 70.5796034308
119.4259657949 70.5792910603
62.3126078352 70.5796170758
41.4710287838 70.5793920682
116.3938123252 70.5793532825
105.5972947002 70.5794596458
93.8089740464 70.5796014433
130.6749632898 70.5797022460
111.3916999525 70.5797649498
67.5128975839 70.5791066674
105.9652551417 70.5797385190
76.0138197891 70.5792711757
140.9754970370 70.5796412081
63.2054507376 70.5793558615
34.8209715635 69.6419396449
26.3248938203 52.6497850081
31.2729923240 62.5459815208
121.5085573565 70.5793911686
125.9427886249 70.5796663474
83.6788009855 70.5794051832
29.1719050209 58.3438071247
32.8100602533 65.6201172256
12.8646806519 25.7293600173
100.6241138535 70.5795035407
78.8897934335 70.5794724218
136.7680973324 70.5793250639
47.1667110918 70.5794388233
60.4566161108 70.5795374352
113.1633613257 70.5793810508
62.7802039558 70.5795731903
116.0109207645 70.5795622174
12.1655253647 24.3310495129
40.5357924192 70.5795996391
113.3475920031 70.5793555789
44.2479895971 70.5794778122
91.9392240478 70.5792339146
77.2748581415 70.5792301813
136.6397274920 70.5797660535
24.7689327722 49.5378630676
46.9970161220 70.5789489143
62.4827402089 70.5794909963
58.3596788767 70.5795521716
58.0196343526 70.5795554503
61.7885830252 70.5793819259
120.1481373452 70.5795377887
31.0966243883 62.1932456670
24.0935682087 48.1871340079
82.8715695023 70.5790904544
15.9843677628 31.9687339271
77.4017936487 70.5797597507
29.6395014115 59.2789998591
106.6315172365 70.5795077764
106.4903189279 70.5791857482
104.8467593017 70.5791962411
65.5854865218 70.5796395741
43.7094323117 70.5797315783
36.3703100702 70.5795467524
111.3351766930 70.5796697271
39.1900111718 70.5792092754
16.6733324174 33.3466631674
33.8452368477 67.6904703108
90.2100615528 70.5797101832
19.3907199144 38.7814378898
16.8077367342 33.6154717876
61.8874226554 70.5797690804
53.4857822125 70.5795043812
35.1283370187 70.2566705246
137.7457137065 70.5793286658
125.1354949137 70.5794946997
127.6145718247 70.5797141440
119.7652014734 70.5797668772
122.6278831107 70.5793803208
44.3045176803 70.5797097841
36.1152652608 70.5795729754
119.4259657949 70.5792910603
28.3548944664 56.7097860973
62.1002871150 70.5793838261
70.8843695883 70.5797347011
104.2516319229 70.5792308886
12.4096739562 24.8193466715
15.2970589232 30.5941163167
64.1548850046 70.5791928343
109.5787808424 70.5793579792
111.7041655463 70.5792837845
104.0108983901 70.5791423170
110.1736716172 70.5794758935
90.4372018034 70.5793619519
138.9637966351 70.5795339325
23.9687302276 47.9374580584
128.2100239607 70.5795047880
81.8507990314 70.5796408632
124.0023533248 70.5793056772
76.7500578216 70.5797513872
91.0886112251 70.5796247581
67.0164308814 70.5797061675
73.6618458043 70.5792794524
79.5837153200 70.5797659410
100.5671403649 70.5797139528
14.7478815724 29.4957616701
139.7290466153 70.5794553022
86.5127639642 70.5791806921
124.5119997197 70.5795426929
120.6861788746 70.5797472373
129.3998666811 70.5796708625
95.6514393867 70.5791783509
98.4568540749 70.5791391091
87.2066762443 70.5794586502
92.7607917067 70.5793889805
31.2490007652 62.4979984055
126.4677154075 70.5792776539
33.6749173228 67.3498312782
109.5639838748 70.5797628611
125.6309573462 70.5797375687
76.7221736390 70.5793350626
79.6126746679 70.5792139687
87.9719417699 70.5793219415
45.2398225508 70.5794103506
31.6464855881 63.2929680115
27.6676713562 55.3353399456
136.7816444172 70.5796456910
91.5989177416 70.5794365195
102.1397770980 70.5797506595
119.1142048734 70.5793235066
103.3586563566 70.5794778798
128.2387934612 70.5792666611
44.4603695248 70.5797102800
35.3500851731 70.5797450780
9.5655634740 19.1311259914
80.0520066936 70.5791176681
116.7900759946 70.5796269914
140.9050864069 70.5794251549
29.6395014115 59.2789998591
36.0587110286 70.5793392887
56.3619436302 70.5795390255
89.3178520165 70.5793954699
130.2932625709 70.5792442261
89.8282877300 70.5791033116
111.5335256573 70.5796750673
25.0798730350 50.1597435619
52.5081845536 70.5794731147
96.3307738277 70.5797299227
125.2202493943 70.5796390180
26.8421317340 53.6842607838
24.2899162102 48.5798299915
60.2864459457 70.5797121269
98.6124919377 70.5792933861
103.2740232984 70.5792198967
40.5357924192 70.5795996391
62.0013626888 70.5790939139
123.5481798118 70.5797528809
35.6481153738 70.5787661877
20.5182850416 41.0365680315
26.8607527086 53.7215027312
89.7711488443 70.5794688112
50.2977093071 70.5797550009
15.7480161417 31.4960307086
132.8145078888 70.5796388437
84.2457343423 70.5792411499
17.0146999525 34.0293982036
16.4012198769 32.8024381137
136.0453690367 70.5793961822
84.1177529493 70.5796314314
107.7931992402 70.5795917890
32.7719400356 65.5438767941
139.0633386792 70.5793496202
55.4414704372 70.5789361130
95.7505845058 70.5792036140
87.2206414832 70.5796230722
101.9846215466 70.5792686274
112.1569253054 70.5796809109
138.3261690524 70.5795589286
133.3245282753 70.5796609351
95.7077044379 70.5794798828
24.5458760309 49.0917496072
17.1901138674 34.3802260158
91.0039223715 70.5793754007
50.6950312394 70.5789090671
110.2300475210 70.5796665698
130.1231233284 70.5793080052
111.2786605674 70.5795698830
31.7332640986 63.4665250238
100.7796772141 70.5797061136
58.2178161596 70.5797687212
124.2571113062 70.5794614715
48.8810542582 70.5794924508
107.0995169032 70.5792165882
129.8674940219 70.5796324865
116.7198230475 70.5792708120
126.3540874091 70.5794342143
73.0810693594 70.5791533323
122.9256503029 70.5792483393
120.7286814006 70.5797487486
23.4094004067 46.8187984724
89.0484351387 70.5795670661
86.1863583507 70.5796151086
21.3658611534 42.7317201701
79.4993173564 70.5792223957
40.2665459367 70.5796818150
35.2278307883 70.4556580538
39.8131443173 70.5797054762
19.4807602258 38.9615185035
108.5017990043 70.5794749052
108.1473539591 70.5796278926
41.4710287838 70.5793920682
60.5841433451 70.5795240124
115.1040757652 70.5796032503
131.0724614869 70.5792803084
0 1 V 2 V 3 V 4 V 5 V 6 V 7 V 8 V 9 V 10 V 11 V 12 V 13 V 14 V 15 V 16 V 17 V 18 V 19 V 20 V 21 V 22 V 23 V 24 V 25 V 26 V 27 V 28 V 29 V 30 V 31 V 32 V 33 V 34 V 35 V 36 V 37 V 38 V 39 V 40 V 41 V 42 V 43 V 44 V 45 V 46 V 47 V 48 V 49 V 50 V 51 V 52 V 53 V 54 V 55 V 56 V 57 V 58 V 59 V 60 V 61 V 62 V 63 V 64 V 65 V 66 V 67 V 68 V 69 V 70 V 71 V 72 V 73 V 74 V 75 V 76 V 77 V 78 V 79 V 80 V 81 V 82 V 83 V 84 V 85 V 86 V 87 V 88 V 89 V 90 V 91 V 92 V 93 V 94 V 95 V 96 V 97 V 98 V 99 V 100 V 101 V 102 V 103 V 104 V 105 V 106 V 107 V 108 V 109 V 110 V 111 V 112 V 113 V 114 V 115 V 116 V 117 V 118 V 119 V 120 V 121 V 122 V 123 V 124 V 125 V 126 V 127 V 128 V 129 V 130 V 131 V 132 V 133 V 134 V 135 V 136 V 137 V 138 V 139 V 140 V 141 V 142 V 143 V 144 V 145 V 146 V 147 V 148 V 149 V 150 V 151 V 152 V 153 V 154 V 155 V 156 V 157 V 158 V 159 V 160 V 161 V 162 V 163 V 164 V 165 V 166 V 167 V 168 V 169 V 170 V 171 V 172 V 173 V 174 V 175 V 176 V 177 V 178 V 179 V 180 V 181 V 182 V 183 V 184 V 185 V 186 V 187 V 188 V 189 V 190 V 191 V 192 V 193 V 194 V 195 V 196 V 197 V 198 V 199 V 200 V 201 V 202 V 203 V 204 V 205 V 206 V 207 V 208 V 209 V 210 V 211 V 212 V 213 V 214 V 215 V 216 V 217 V 218 V 219 V 220 V 221 V 222 V 223 V 224 V 225 V 226 V 227 V 228 V 229 V 230 V 231 V 232 V 233 V 234 V 235 V 236 V 237 V 238 V 239 V 240 V 241 V 242 V 243 V 244 V 245 V 246 V 247 V 248 V 249 V 250 V 251 V 252 V 253 V 254 V 255 V 256 V 257 V 258 V 259 V 260 V 261 V 262 V 263 V 264 V 265 V 266 V 267 V 268 V 269 V 270 V 271 V 272 V 273 V 274 V 275 V 276 V 277 V 278 V 279 V 280 V 281 V 282 V 283 V 284 V 285 V 286 V 287 V 288 V 289 V 290 V 291 V 292 V 293 V 294 V 295 V 296 V 297 V 298 V 299 V 300 V 301 V 302 V 303 V 304 V 305 V 306 V 307 V 308 V 309 V 310 V 311 V 312 V 313 V 314 V 315 V 316 V 317 V 318 V 319 V 320 V 321 V 322 V 323 V 324 V 325 V 326 V 327 V 328 V 329 V 330 V 331 V 332 V 333 V 334 V 335 V 336 V 337 V 338 V 339 V 340 V 341 V 342 V 343 V 344 V 345 V 346 V 347 V 348 V 349 V 350 V 351 V 352 V 353 V 354 V 355 V 356 V 357 V 358 V 359 V 360 V 361 V 362 V 363 V 364 V 365 V 366 V 367 V 368 V 369 V 370 V 371 V 372 V 373 V 374 V 375 V 376 V 377 V 378 V 379 V 380 V 381 V 382 V 383 V 384 V 385 V 386 V 387 V 388 V 389 V 390 V 391 V 392 V 393 V 394 V 395 V 396 V 397 V 398 V 399 V 400 V 401 V 402 V 403 V 404 V 405 V 406 V 407 V 408 V 409 V 410 V 411 V 412 V 413 V 414 V 415 V 416 V 417 V 418 V 419 V 420 V 421 V 422 V 423 V 424 V 425 V 426 V 427 V 428 V 429 V 430 V 431 V 432 V 433 V 434 V 435 V 436 V 437 V 438 V 439 V 440 V 441 V 442 V 443 V 444 V 445 V 446 V 447 V 448 V 449 V 450 V 451 V 452 V 453 V 454 V 455 V 456 V 457 V 458 V 459 V 460 V 461 V 462 V 463 V 464 V 465 V 466 V 467 V 468 V 469 V 470 V 471 V 472 V 473 V 474 V 475 V 476 V 477 V 478 V 479 V 480 V 481 V 482 V 483 V 484 V 485 V 486 V 487 V 488 V 489 V 490 V 491 V 492 V 493 V 494 V 495 V 496 V 497 V 498 V 499 V 